Wyniki n, e, u.
----------------------------------------------------------------------------------------------------------------------------------------------------------
|                        n                         |                        e                         |                        u                         |
----------------------------------------------------------------------------------------------------------------------------------------------------------
|                               -0.0072609883069654|                               -0.0102657604124220|                                0.0069204196246388|
|                               -0.0063760985828053|                               -0.0129226474742650|                                0.0011621283047201|
|                               -0.0045331309256595|                               -0.0129226476224748|                                0.0035292927712672|
|                               -0.0039188083171152|                               -0.0129226474364499|                                0.0043183467656062|
|                                0.0000982296807618|                                0.0315903085770098|                                0.0024582012644316|
|                                0.0036607156763029|                               -0.0034470081593916|                               -0.0079194251390289|
|                               -0.0055527984300619|                               -0.0123481462258325|                                0.0043231602419316|
|                               -0.0009340045204387|                               -0.0131382670903387|                                0.0045291906671069|
|                                0.0065085393867282|                                0.0307278298973053|                               -0.0037999181216081|
|                                0.0018212317283955|                               -0.0052414166144324|                               -0.0026852687289985|
|                               -0.0038514412623242|                                0.0099083317868981|                                0.0029985597242902|
|                                0.0058165775525744|                               -0.0095494500149078|                               -0.0019938483640858|
----------------------------------------------------------------------------------------------------------------------------------------------------------